769
154
188
172
266
163
942
43
985
105
219
977
683
4
180
247
200
612
424
412
407
390
355
175
328
884
252
993
56
482
629
101
161
772
33
248
261
963
809
608
515
118
459
751
322
713
545
241
88
690
253
71
697
64
312
912
868
539
634
695
416
103
784
442
250
441
970
291
396
682
333
463
863
182
432
218
282
828
708
707
570
701
709
894
134
14
680
16
356
364
624
307
889
386
635
435
260
204
262
480
932
991
178
556
67
805
324
437
749
280
271
494
288
5
427
533
254
221
467
788
512
568
546
854
334
926
150
674
812
626
284
901
981
793
611
130
18
511
451
832
476
255
798
904
919
666
875
909
921
227
138
231
68
399
117
22
534
126
481
646
980
583
782
791
186
731
332
623
421
738
917
24
107
767
973
272
844
885
319
575
987
933
233
610
369
913
382
906
928
183
877
899
299
151
722
760
70
579
436
771
890
748
716
36
311
849
976
366
400
758
471
632
171
389
753
394
859
659
316
871
168
607
779
447
85
426
593
51
57
900
415
41
149
990
142
418
496
30
802
53
63
996
65
566
652
237
718
861
438
867
799
665
487
856
811
116
595
251
397
448
122
550
673
712
361
997
590
620
549
804
35
87
195
964
874
298
747
365
910
777
422
370
616
203
48
198
353
538
824
789
934
714
817
406
403
937
535
402
46
263
47
605
529
339
778
162
548
358
492
359
668
124
768
404
563
642
229
185
706
104
8
922
268
153
637
914
347
647
728
17
141
155
384
11
136
489
212
484
249
60
338
189
639
601
81
157
689
310
66
1
74
567
975
730
930
73
678
89
83
852
745
761
270
865
226
650
380
573
951
39
125
641
15
562
651
165
477
924
77
822
479
419
405
815
12
953
106
604
982
603
723
501
670
565
113
164
825
387
881
866
465
671
259
643
938
594
960
315
210
560
759
179
383
273
331
835
354
469
617
686
880
314
972
783
528
773
729
264
803
945
278
564
473
726
193
588
50
352
296
308
167
82
876
908
736
336
770
222
513
40
810
466
609
879
428
992
120
543
661
727
45
829
700
342
456
948
348
267
289
228
827
84
269
238
488
423
277
613
286
750
724
223
475
450
794
209
656
446
385
660
821
688
337
230
851
589
159
246
831
571
796
461
862
734
684
21
984
756
823
245
206
323
787
702
847
69
685
232
32
176
408
622
295
94
699
952
834
440
818
388
321
584
393
740
983
516
518
813
762
173
839
411
830
258
585
58
873
536
780
681
986
129
455
309
694
657
510
31
998
367
781
954
330
596
457
300
146
3
905
80
557
915
842
360
305
25
944
375
531
627
99
999
20
329
378
965
507
392
452
495
301
715
958
752
72
44
776
224
744
144
351
76
524
785
108
458
287
649
774
797
318
444
140
935
916
655
472
898
499
846
541
532
320
561
521
911
598
893
177
710
927
853
93
687
174
61
923
994
795
754
897
711
119
115
967
265
341
54
474
757
145
486
362
304
968
765
363
485
283
2
855
38
100
931
391
205
644
509
883
869
858
843
478
377
581
995
807
691
725
743
374
525
520
886
346
493
800
505
91
196
801
443
508
112
123
371
127
156
580
658
602
577
401
294
929
59
97
638
236
553
978
191
836
434
628
537
766
216
160
7
527
504
962
732
275
201
833
166
600
28
764
343
692
569
62
242
430
243
576
199
202
746
816
704
500
293
633
957
498
152
672
719
429
303
555
95
373
895
551
621
349
739
969
497
135
34
519
413
306
669
653
943
10
517
625
503
19
698
558
121
86
335
631
574
540
281
554
372
468
215
597
132
891
721
679
530
211
705
956
872
147
523
79
297
619
887
326
37
327
184
345
676
959
460
675
381
961
654
181
78
55
542
234
379
720
133
445
158
75
870
302
96
936
148
949
592
114
640
920
974
98
420
111
786
667
462
559
989
907
946
552
276
860
395
547
431
425
257
285
896
376
197
27
464
220
514
417
128
194
526
292
733
491
214
966
925
414
410
615
398
614
755
790
606
169
279
225
139
599
350
664
902
137
892
344
453
368
0
737
29
814
775
244
578
13
940
848
837
971
903
449
544
110
939
630
290
950
439
988
742
586
850
717
102
357
23
572
483
143
792
239
131
941
763
840
882
256
947
888
806
878
826
26
979
42
648
663
213
741
808
92
662
693
6
735
645
49
838
325
864
192
409
340
591
677
207
470
857
9
703
841
582
433
90
313
955
235
490
618
636
918
502
190
506
240
696
109
217
208
170
52
820
454
587
317
819
522
274
187