659
970
988
614
826
921
636
606
608
147
775
915
913
449
374
393
354
674
836
148
966
154
188
284
611
933
92
77
666
668
873
110
903
987
527
41
427
330
420
216
809
976
31
558
910
403
977
937
203
499
395
840
328
38
854
446
897
705
465
779
410
589
405
480
565
916
429
905
928
121
311
124
931
557
448
664
242
706
422
980
818
80
155
125
844
22
476
417
535
819
789
713
708
333
633
474
549
629
363
349
658
407
483
594
71
879
651
964
97
119
482
567
908
902
471
694
523
64
886
59
46
672
300
331
996
473
306
34
339
65
235
399
329
841
650
752
767
193
723
973
213
195
225
786
321
522
984
120
981
418
678
340
209
519
929
510
423
969
53
208
604
45
278
581
815
848
865
857
433
197
237
864
814
342
372
745
591
858
82
454
251
172
891
717
288
383
686
58
402
200
108
371
35
43
293
42
560
256
88
849
412
607
186
696
131
259
475
204
660
218
720
514
807
438
184
852
106
33
94
336
896
345
141
170
431
201
566
224
315
679
24
460
805
948
472
575
243
714
646
130
86
938
628
835
95
419
681
540
26
451
688
585
707
654
10
277
538
823
351
81
526
612
252
380
729
712
308
821
179
572
564
889
452
941
551
513
150
51
930
406
411
270
676
187
904
276
416
344
735
925
93
715
501
556
598
619
512
877
463
719
731
764
12
616
799
871
695
641
978
384
414
875
69
217
617
972
738
367
769
353
932
920
600
233
862
432
174
375
128
352
76
191
577
369
317
798
783
691
894
389
52
166
554
537
530
485
30
138
400
15
748
661
107
545
687
728
444
829
215
361
507
382
319
542
140
843
601
132
388
84
758
946
67
307
401
6
47
99
625
626
831
914
28
247
466
673
828
525
872
939
881
56
995
87
778
638
989
283
299
112
562
180
596
260
811
290
934
229
232
113
272
755
924
963
484
136
253
804
494
919
700
440
381
584
362
754
785
249
202
702
488
622
757
142
250
425
281
880
267
592
736
164
491
911
304
597
198
721
640
947
576
114
874
226
477
590
940
426
83
156
275
959
853
860
68
623
559
586
280
935
997
66
123
323
126
36
926
359
177
701
685
210
697
178
194
171
515
855
605
436
347
248
883
387
234
146
8
716
520
667
104
301
111
254
14
571
579
468
899
993
25
502
569
766
96
895
756
901
503
282
796
358
206
986
553
223
541
479
753
698
710
613
456
621
335
461
583
212
379
137
991
498
652
961
794
262
724
231
918
508
181
72
244
85
409
462
497
263
971
750
699
725
168
377
376
40
722
727
631
435
965
73
227
644
7
788
787
396
316
1
258
162
859
563
55
152
511
985
285
968
189
810
593
21
44
573
689
817
776
294
500
839
268
279
437
385
657
175
547
602
0
159
923
341
196
867
20
228
109
955
447
820
16
999
230
800
900
521
103
773
528
761
550
555
469
129
765
599
496
771
173
5
574
17
54
797
153
967
183
529
117
627
222
851
61
238
368
23
296
305
772
793
63
952
292
149
29
445
740
842
742
404
813
958
220
830
98
199
493
470
704
624
792
692
690
726
289
70
649
618
18
979
325
350
322
467
760
318
890
509
595
561
415
603
806
768
837
4
392
439
39
568
990
582
478
309
833
962
888
211
135
655
303
102
994
430
791
912
373
642
693
139
665
287
747
261
390
856
887
165
434
670
370
632
355
648
777
552
680
711
78
79
50
620
334
637
240
49
327
255
580
801
32
739
671
546
313
737
922
822
241
504
116
62
808
302
643
100
516
917
246
656
825
271
176
291
310
314
684
391
245
356
759
718
338
3
945
647
398
906
847
205
185
13
298
157
413
312
348
824
762
37
982
75
741
570
907
957
534
286
635
9
578
115
221
269
531
763
882
207
360
876
161
645
543
588
481
784
357
257
536
236
781
733
169
487
443
610
490
486
869
424
974
326
803
365
90
544
782
953
2
346
492
732
884
495
675
960
265
863
297
19
866
408
730
163
734
954
683
74
746
653
459
127
936
214
182
983
850
190
846
518
524
134
160
48
662
274
324
615
386
639
122
770
441
458
816
663
795
743
956
506
669
366
682
677
812
790
893
780
861
834
364
630
464
455
744
264
167
151
118
951
320
332
634
192
442
898
219
802
751
749
27
457
709
91
144
266
892
587
927
998
143
827
337
453
942
533
295
133
421
11
774
539
975
428
943
450
397
609
885
845
532
517
870
343
489
273
909
992
548
838
950
868
57
832
505
878
239
158
101
703
145
944
105
378
394
89
949