889
264
742
150
461
126
334
9
370
924
94
4
602
297
909
519
279
695
161
552
984
566
840
807
906
929
471
96
368
576
686
175
24
88
366
340
38
953
841
811
936
513
944
631
344
810
509
980
472
278
873
690
721
798
406
8
497
146
543
716
720
744
639
547
403
488
539
84
640
673
710
259
130
614
655
483
749
272
354
283
355
544
102
365
787
469
226
178
99
211
89
826
292
514
882
247
678
400
591
521
312
971
418
546
819
775
117
239
314
466
320
978
26
173
144
391
35
50
446
549
825
262
139
232
346
542
746
977
733
537
305
296
129
874
556
123
562
309
956
429
333
768
561
116
307
29
201
192
801
652
336
569
989
37
748
863
491
955
534
824
328
486
736
167
281
325
528
644
844
451
92
827
963
131
300
74
836
626
887
808
36
837
54
679
904
622
258
759
572
571
871
111
109
838
922
14
940
818
477
896
613
63
158
85
856
949
206
32
574
642
65
136
153
367
493
107
419
604
149
961
371
554
583
436
351
813
935
176
582
112
53
437
557
532
395
389
783
58
634
636
124
356
78
599
407
895
641
298
140
110
523
145
456
674
645
390
308
646
40
531
268
265
618
342
654
327
656
762
916
243
559
785
529
441
743
637
587
715
3
482
993
584
397
859
596
142
93
800
115
341
411
249
495
586
994
476
394
527
728
284
919
757
79
965
752
792
751
452
612
806
41
75
650
422
373
0
49
301
662
510
494
55
623
21
988
90
814
186
897
886
463
151
931
660
349
416
968
13
503
704
772
921
324
20
473
220
113
228
421
240
941
966
317
137
506
197
318
487
208
914
700
250
270
227
388
585
248
998
524
789
376
851
898
339
57
545
221
511
187
46
875
920
222
985
316
252
183
930
950
335
60
454
845
121
555
120
484
315
439
872
616
911
459
675
899
712
17
182
475
241
699
47
996
735
500
765
274
5
275
790
666
64
185
277
541
729
731
607
548
878
253
188
87
703
386
857
134
413
502
579
1
238
435
45
261
926
338
590
970
883
890
615
311
796
923
200
190
885
42
170
986
288
215
791
867
490
468
595
937
133
67
350
802
780
979
795
761
86
990
632
378
694
291
101
179
444
165
470
747
428
492
246
964
803
717
156
499
657
6
850
741
784
364
520
306
620
670
479
649
299
431
155
773
983
797
434
458
958
464
304
313
138
23
189
34
199
348
788
168
598
839
565
438
702
385
635
854
204
18
224
779
948
999
425
455
166
957
976
927
619
853
907
424
125
852
440
522
740
707
404
412
409
951
708
30
866
581
739
433
330
420
169
567
681
593
680
448
236
540
870
33
76
244
786
928
266
384
372
665
485
71
359
855
177
467
181
943
987
95
884
753
861
891
216
769
910
184
337
860
77
180
558
323
643
669
663
375
2
711
755
172
379
7
212
147
287
668
242
392
967
271
237
945
194
505
276
829
722
888
685
535
213
995
588
553
771
638
865
352
969
374
847
876
196
776
659
154
225
894
667
310
209
946
981
651
91
362
295
781
25
804
453
103
393
767
128
691
628
805
698
59
621
868
347
705
997
869
973
592
525
684
672
706
442
719
402
799
835
217
443
157
31
975
689
551
849
664
56
697
661
51
925
892
918
256
734
518
962
357
709
760
730
842
119
834
530
331
48
862
481
915
617
550
954
118
815
714
830
991
462
235
263
908
630
864
44
257
22
343
229
763
727
361
132
72
100
152
843
900
163
713
104
809
11
515
122
108
959
793
432
267
794
496
982
68
329
405
726
812
633
647
148
106
580
683
457
575
758
383
251
846
160
210
658
234
653
507
932
832
218
480
498
560
822
427
952
912
687
682
573
254
396
992
594
489
533
135
273
10
159
52
577
732
934
629
73
756
399
478
512
848
972
414
293
69
231
724
410
823
601
321
61
193
725
610
903
219
294
360
198
465
750
426
191
83
255
223
449
536
171
81
98
606
326
517
597
358
430
501
174
609
39
563
770
345
974
833
423
143
526
877
230
381
692
624
377
302
677
97
701
538
777
570
303
363
28
625
12
15
27
322
942
939
947
764
141
332
70
693
627
745
568
66
417
319
879
516
447
445
676
648
460
398
353
82
608
401
754
831
893
105
603
285
902
718
816
938
564
901
260
233
605
905
114
387
960
202
881
289
774
737
917
380
688
671
369
913
382
820
858
16
245
415
80
164
766
578
696
504
723
269
828
214
817
127
880
408
62
600
207
508
162
286
290
43
280
821
738
195
782
474
282
450
778
19
205
203
589
933