457
225
339
617
560
594
871
941
824
936
238
343
403
62
638
833
4
772
850
17
609
324
502
479
146
757
410
302
724
546
988
987
151
943
599
814
559
423
154
897
367
416
261
179
421
964
210
984
924
534
74
939
570
454
380
845
700
520
204
607
315
184
376
893
644
657
563
256
281
800
561
798
144
803
461
714
372
851
652
862
565
424
14
769
527
383
284
915
95
718
786
292
991
821
913
70
999
441
530
841
533
830
325
779
371
500
420
986
338
926
965
834
304
827
888
6
693
148
488
277
309
802
91
83
698
712
736
953
18
511
224
177
817
908
865
409
201
584
969
215
635
190
450
327
582
589
466
903
836
346
682
114
542
119
870
940
280
937
532
108
996
973
922
837
674
622
20
554
529
809
369
360
783
793
985
951
322
766
840
128
330
510
577
789
209
773
767
671
898
37
175
218
109
650
283
476
419
208
626
269
566
747
471
954
784
755
901
24
137
455
918
447
474
486
905
341
31
807
435
968
715
228
812
157
251
492
13
1
899
27
989
482
695
55
220
994
153
404
501
194
413
129
740
234
666
838
540
906
727
313
603
417
233
648
459
345
10
742
127
770
451
509
336
111
75
197
643
639
408
585
101
663
443
708
156
653
702
139
710
39
615
398
216
113
681
168
761
244
490
656
998
430
932
319
135
28
743
983
29
307
602
961
463
48
861
295
395
116
962
684
844
294
846
552
232
317
668
796
249
63
765
629
925
853
604
222
264
288
274
145
717
356
434
780
707
329
810
930
9
754
136
375
942
606
878
523
52
525
98
799
665
627
59
526
963
659
972
143
735
480
415
462
344
445
649
493
323
859
460
368
253
778
15
46
977
297
271
467
623
590
499
753
332
214
516
257
199
300
240
161
494
975
235
613
431
328
551
237
166
270
820
776
303
458
756
54
195
960
352
278
911
537
254
826
749
350
112
869
202
412
946
872
667
848
436
275
547
298
477
886
678
433
142
676
397
720
385
934
342
628
402
731
979
723
123
781
728
453
771
365
966
331
950
207
923
422
263
268
669
683
103
856
637
120
381
788
305
660
484
699
621
390
568
852
149
241
152
110
955
291
522
640
140
387
203
751
855
334
777
632
437
400
489
219
933
691
448
686
293
704
544
636
658
858
160
815
287
348
677
118
193
654
914
787
790
76
867
661
429
173
679
990
296
909
320
795
741
0
831
364
25
902
401
571
290
536
366
716
150
519
995
392
750
634
78
426
916
811
912
172
106
53
92
633
12
89
406
464
198
722
316
247
847
221
959
335
808
588
889
587
169
262
647
239
176
806
104
358
374
601
703
631
373
326
167
180
60
598
90
738
126
938
866
107
289
624
432
711
935
997
58
662
504
579
407
673
187
414
877
188
391
521
721
353
498
993
729
775
77
99
282
138
94
122
675
61
813
438
759
418
746
159
444
524
363
505
794
185
545
231
947
449
3
690
2
248
600
981
379
230
556
575
347
465
130
580
487
797
5
882
33
115
614
610
875
762
260
508
978
67
569
41
147
34
312
286
223
226
405
382
354
164
917
921
518
543
619
782
64
945
672
980
567
473
894
318
739
646
696
557
726
645
428
725
30
181
958
764
706
69
411
349
174
774
868
496
641
927
857
688
863
539
357
876
900
880
87
612
538
576
732
16
804
581
513
105
573
531
100
472
388
427
944
768
217
642
132
967
279
425
189
452
572
670
593
491
514
828
258
535
36
744
825
745
550
697
72
931
43
651
475
246
71
314
340
23
805
680
506
705
823
957
949
468
891
196
227
595
920
26
689
591
887
393
394
819
481
818
791
835
50
131
250
399
952
133
630
763
44
470
267
56
801
47
396
974
507
842
333
737
65
311
321
243
66
982
299
265
301
928
884
734
785
592
84
81
355
191
22
121
752
956
266
586
839
687
7
68
141
655
259
182
976
32
51
881
792
596
134
163
245
200
758
11
186
616
873
205
93
574
919
515
495
971
929
553
904
874
21
555
96
456
907
389
273
42
165
583
242
276
440
541
378
158
822
748
446
442
611
485
38
97
88
910
178
608
528
503
892
80
885
992
362
377
562
370
79
35
124
211
597
86
558
351
478
361
85
252
860
285
730
306
183
733
879
701
664
272
685
192
816
620
40
229
512
948
82
310
384
854
548
171
49
439
625
469
843
102
45
713
578
829
896
694
895
605
359
255
206
337
709
832
308
19
719
117
564
692
864
883
890
213
618
170
849
517
125
8
162
760
236
212
73
497
970
155
57
386
483